1420064	1	1161014	1037074805834256510	Jewelry	1037087945401700428	CK
319416	2	485735	590235	1037074805834256606	Nail	1037087945401700498	GE
1204362	1	1648527	1037074805834256479	Fishing	1037087945401700443	TH
1243961	8	1360368	1501430	557019	1545547	1912762	1378558	1228349	1504679	1037074805834256486	Papercutting	1037087945401700471	EG
1468003	5	314536	840997	1957309	483046	431353	1037074805834256505	TV	1037087945401700517	HR
765464	4	1182377	79019	726802	142968	1037074805834256475	Singing	1037087945401700604	PK
549761	3	1026644	83670	1151756	1037074805834256605	Sprinting	1037087945401700462	DM
981157	1	322383	1037074805834256482	Cycling	1037087945401700411	BZ
549763	10	800651	632131	504366	1775187	1171905	1141159	1792649	1270424	1989598	983662	1037074805834256561	Fly	1037087945401700566	MF
319407	3	226378	149843	1359669	1037074805834256531	Videography	1037087945401700521	IC
